y
0.5743717001292848
0.5357350185705946
0.7840669332439408
0.5630177485034494
0.08501039526355647
0.34699032957563436
0.2901680364926288
0.6428430112696474
0.368485581017416
0.674493154373888
0.6640855626080445
0.28088317745148983
0.5151561469114244
0.37121017049087734
0.7114966503551466
0.3224110998901645
0.4693790415230138
0.4776141427075006
0.5139103136484567
0.4349684936857462
0.41872432021265615
0.6384926899580042
0.778453492592578
0.3291152750612206
0.4333106043080389
0.19203425028364507
0.5303750357131233
0.7293793089061053
0.3445635539433666
0.10590692876856278
0.5193972915763486
0.318996795174486
0.33131931889328736
0.2187702245614297
0.3027185606888255
0.6026747317900772
0.344390300616889
0.2748656415078766
0.15884926281207645
0.4495981346220411
0.41691276762519236
0.5530883160950449
0.46497195394720536
0.4536702217772436
0.5284268642293105
0.6578262652452439
0.49541513437914453
0.3610735644836599
0.49681733887122903
0.3745985341277863
0.00931508481034704
0.4190823404347336
0.4929733579730434
0.5008895303374424
0.46600625415844565
0.8383983518915002
0.21692567271456942
0.48345407819798625
0.5627568474721057
0.45759228295940246
0.3734406021163196
0.3849305538589257
0.24748717640499018
0.7047836639026147
0.4605248688682847
0.7095997930544807
0.4160327506945173
0.5602262685191403
0.4105161074509017
0.25737224743732934
0.47843355595236037
0.5835531475775099
0.2867694007930971
0.10051763857588747
0.5418701719995013
0.5306966039606184
0.3525041595726982
0.42803396410389516
0.39200075203302875
0.6531358997301339
0.6257357730364003
0.3524265193056594
0.4576299594240275
0.27150941706906295
0.5616775321397517
0.5000227443133455
0.7332523701759993
0.6193904232562394
0.25026849495302506
0.10866128369406902
0.28841421519607857
0.581132505247065
0.4903759492199332
0.475992576846875
0.5918723558457043
0.49285826162088175
0.1026407149505767
0.46580757629739733
0.6866700501173538
0.639995982781672
0.29616665582868096
0.508823265897319
0.7904958655649098
0.12335035512002901
0.8026862916804792
0.2650211271244197
0.7438557253099053
0.45364612151346584
0.6045544308334551
0.23528220788068666
0.24855409233314452
0.817161574705901
0.5133075855619779
0.19878611625508624
0.29581758357056065
0.30103885575267764
0.1645637331454708
0.5138633052600813
0.3903766224095969
0.5557607052874197
0.3262980873376512
0.28076286330176214
0.5131838611792422
0.5909704294629604
0.412589912744144
0.08500578321679697
0.01348638976245764
0.40025031973049574
0.38160321072265824
0.34462455348654364
0.5199708354090448
0.5801132348692425
0.490806579708995
0.5030141683728354
0.5533060703073259
0.27029026675482204
0.4943672847923225
0.3213580904569623
0.49695007255311807
0.5671316016991076
0.6510323138286963
0.08491510096543697
0.41202669750618226
0.09917276097019367
0.6953678603171415
0.29179702651179273
0.5343684965379055
0.4602039072108314
0.4012160182684027
0.5459348197652233
0.4761783052821219
0.7264190264009315
0.21660618789488095
0.6512700323557162
0.468787862321017
0.5585432792747668
0.3347323787604376
0.432545768793572
0.20115661981156385
0.1879361039902604
0.4940064146188642
0.23454783740922214
0.8480470190154162
0.4940033162726317
0.3607637174303423
0.3103306102703963
0.35722796113814914
0.4426542887287134
0.36967394739477355
0.6420287090040234
0.5657865991112364
0.3186338047452223
0.3976207373922306
0.37965656194642994
0.3858406901516137
0.7255176484913858
0.06581995770620097
0.3365080154248775
0.47860982358001347
0.7227202185190259
0.5934841137722283
0.09194662220637784
0.39393666126111404
0.4284998850268732
0.6850263618549265
0.34245040527952064
0.24378762089563244
0.40322970440520123
0.243810425218135
0.20730519802805059
0.09214278411220955
0.6499062896531994
0.23685046583727065
0.03080071842279275
0.5068027259986102
0.38770825455397573
0.513081656436004
0.38149213616476196
0.5054528648794324
0.410086900269547
0.10143001102062088
0.5425619214538079
0.1604374017636413
0.6425684972075726
0.33292683983917926
0.48738912702179416
0.3373424642193429
0.4242013464654958
0.6935219140665626
0.512771349504869
0.5816092166782142
0.4041944941693566
0.1723313278808145
0.22124337157757734
0.10563640487591874
0.5280606268109328
0.7937632216808926
0.39784486226382654
0.16514955341990056
0.37408065900664134
0.3005290704242535
0.18417461717153083
0.5443831256414303
0.5974898009961006
0.4612202124328081
0.33069557417745277
0.27661747516241586
0.5460690542700423
0.3816274894325168
0.5861717670570367
0.24810062206591177
0.3002063541289314
0.7432948717292996
0.15530721805730063
0.6498194467360233
0.4368590005606946
0.48843020999562825
0.33031436835677186
0.36543208578002606
0.4244199676887007
0.5708378283888068
0.49691488561043873
0.5151180820822462
0.5209683188757047
0.5787884009695937
0.24201505359229314
0.14475231547688838
0.19827922696743583
0.1580093182036647
0.7459769300432509
0.6660007566722813
0.8305303989294809
0.34946995832067873
0.3619046520383965
0.5625757686648077
0.6751621555345023
0.6068114389468034
0.5355326137904056
0.6717890929989144
0.3532561554238477
0.41765284936148606
0.3300751176237847
0.424360651500577
0.21126354691034233
0.5538514212849622
0.3461576459008989
0.5620076251778426
0.6393796676871913
0.17542342972583702
0.12760920158452393
0.4118388403649863
0.21052199537202887
0.8812512008159966
0.3359321942804402
0.722201924744485
0.07769259875681334
0.24554655818852167
0.42079080865290475
0.685157395798719
0.3523673891503355
0.49625006825539797
0.5681239495099079
0.34382184523239234
0.5899241362570714
0.2563658719436692
0.7458441194972151
0.4131194199080902
0.363411729335669
0.24463240443766465
0.31577213749207333
0.32422388480762543
0.4412060064881468
0.561876632895785
0.41495555305549725
0.7469045021496702
0.508895621291826
0.41225055807573263
0.3443784824092714
0.22612646018484717
0.3747815881937261
0.1715020753847848
0.29905367717952125
0.6114672132311666
0.4176731169482063
0.5825244171388463
0.5297205641166526
0.23206974413716996
0.28385869917329554
0.43487948821353684
0.5196269321829486
0.4096777914305535
0.1913241796175279
0.38027439870363555
0.7413951354086142
0.15669561466673032
0.374323958158158
0.22657212117924552
0.2939981234596859
0.39366618641453155
-0.006135195265387194
0.5337148639608055
0.04517546903317571
0.4557928013852187
0.5958456280414087
0.7268828005034688
0.5143751893550895
0.36228855489359557
0.18845159473202833
0.4612305913463922
0.3054388807608469
0.8314333388751788
0.3525600222528079
0.3290880274244651
0.6046423863688307
0.2768579554360694
0.6003736221099129
0.661498157403927
0.2646736764047334
0.8269014184196569
0.5517091516539826
0.5047928863373478
0.09244522806552913
0.7354131201317288
0.47317742066375235
0.5206494464758687
0.7998538102585885
0.2517541468412017
0.35846221553683744
0.3451839036653307
0.08123380304721528
0.33153385421215475
0.42602721827969925
0.6324589819140579
0.5120420807672125
0.49121097498444233
0.4698567835112425
0.8210742576872218
0.5015910012991697
0.555969553053211
0.14481355092814296
0.4760467344611984
0.20941003728179064
0.44151657206562256
0.2697866659941065
0.3340740788059978
0.5148605707285628
0.5350751675611206
0.39558823776285246
0.6004844884690205
0.5112914202020723
0.5461045258838609
0.30162094113593774
0.3499104066473938
0.1785245139876389
0.5683099347672173
0.3908226088746901
0.27602061412641177
0.318030224435076
0.4991605903308295
0.43206258442913026
0.2262941849321216
0.40492260355381726
0.5399751498118254
0.5996116884898858
0.3878706871573082
0.26957327256452823
0.4363829905090918
0.6952390378265095
0.24156191650669157
0.7804819921611515
0.3187571129487491
0.4199742682190627
0.39902800494320967
0.6954680418472278
0.8047167460811205
0.5035337827590994
0.35123324294209624
0.7064956830693688
0.8097830501001185
0.3490984368523157
0.1975930783015264
0.15824604631107642
0.4195605676772448
0.2949352839039695
0.5841766793957975
0.5291063813495661
0.48064609502845645
0.33499052826386444
0.3649564076346242
0.35767806854776996
0.15604197836101608
0.5511824824801598
0.552944656898453
0.8303522675059826
0.7785731655939018
0.4912897082547828
0.2569622389286692
0.6349544166170554
0.17764686018123
0.349524890552675
0.5404789052955489
0.4982956044049386
0.3948223381780277
0.5792595818776788
0.5458498596777382
0.6367708510321534
0.36676079549055995
0.5063552282009535
0.7240768050315906
0.42988665529609194
0.5628902470480593
0.6234011373126082
0.38323175028763246
0.8470928183986387
0.3879569135568396
0.7073471610330518
0.3288669498608262
0.2981160791657663
0.7588173311254943
0.2219796238829549
0.34342015282831795
0.3433776252840145
0.4338235206082811
0.29478040844475284
0.13505245480676964
0.7470939352494043
0.19595067474436256
0.6021089355378794
0.1312489020795431
0.3394064374811262
0.4848256274683963
0.25387686828548384
0.47449903352694933
0.6559034170355621
0.6406703816316871
0.3997872177532974
0.18722983713569752
0.2742145320084427
0.6106668520896564
0.3511807578228664
0.48195652471795125
0.6102657417773037
0.3715632854411003
0.22541708310452735
0.5628216827669187
0.7591117719558335
0.4945897427291114
0.5721027222349687
0.29030684530226936
0.020246878851752692
0.651154730107082
0.4981781177143906
0.2756960419360045
0.7442534409829044
0.3850477597690761
0.3116243658147534
0.5880197070119039
0.43293550250116153
0.31431482971356994
0.317997121362929
0.2547070059541595
0.5963799987291637
0.7512707358185539
0.3706231816510436
0.5517670966234575
0.7594510146270298
0.11226033193642004
0.49781174678359263
0.6536301180146117
0.3640169724537733
0.6426637653029116
0.4932748753591337
0.3183622224494357
0.6889252331843762
0.3326818004808739
0.36335468449692077
0.08319890972375488
0.14682490412583504
0.7044716228432742
0.7033760411521889
0.2891287419958407
0.349709593658173
0.7153737682368845
0.14579108125776974
0.37328661974029653
0.5772800517478532
0.3003823320559619
0.8480249160669385
0.4691408850673827
0.5292238542857736
0.7432660805301993
0.4710110990813302
0.49587284594692427
0.5701832820274203
0.19641029392286602
0.3045588282666104
0.2959933219158509
0.3879227510803268
0.7631045934145765
0.5299006407950112
0.2984414455442689
0.16739117987574392
0.14132065954860895
0.3753169465902514
0.3825059644943348
0.5579387871808913
0.3847829232779022
0.31369488076769214
0.6199092172400348
0.4056628261035128
0.5245944946670166
0.2839930174143389
0.4924925466645612
0.21696452113917652
0.5791202329277686
0.49940124728508384
0.4899422219426296
0.4970663316527216
0.7991148720565927
0.40902296127089677
0.5835353800827282
0.21570953236867374
0.3413748251004337
0.5999545279756605
0.7247102021754851
0.5573513914360183
0.6297480863000181
0.8088084504606771
0.02723616481954716
0.5371620896062718
0.5310431130860941
0.5959337107028227
0.2194808469542634
0.648988805902445
0.2662254805860561
0.30090548431805597
0.12068473895323584
0.7615202231849755
0.23312790705635145
0.3959555828695799
0.5013830709369146
0.49236687628049614
0.8392819019982797
0.4557897214404053
0.42484098111097224
0.4137888023315709
0.30949722166165505
0.6391586388614304
0.8445170293990886
0.41500296817470883
0.4013660147879262
0.8269655742860448
0.4618271181671859
0.18834317165865522
0.14436325461852217
0.5363420877030972
0.4792497758295299
0.5557507687260889
0.7951479250249424
0.6337522507722791
0.5660166927189724
0.28253909243445474
0.22983678165762
0.7964535693099793
0.41154379793614015
0.22347992859834231
0.47988082405686716
0.21833686666384855
0.394808605410902
0.33977878886783885
0.36451347206278795
0.5774711343354267
0.8187862854481337
0.27969081349987357
0.6089326920415824
0.5893998906049563
0.6227887323275044
0.47154137154186493
0.6604666702114396
0.2565024871998903
0.6190153758014448
0.4792472514985632
0.32555695473503554
0.5464003107066332
0.48507679559436456
0.46841092218075187
0.4571279221044008
0.6295177228671173
0.14734088319020178
0.5419887039788313
0.6497415610426373
0.48245474961564294
0.6059123070413194
0.6224404192788043
0.814178888424317
0.14486399611955203
0.17765007597455496
0.21430225616675103
0.38387933620146775
0.4578644400759929
0.6100174173775893
0.18972718116784149
0.5472320508483922
0.27260746937746705
0.7038842410799718
0.42540748191138145
0.3946824538025254
0.5201345326038121
0.42604782412553244
0.7370293598528729
0.06624729338879365
0.6112408077499653
0.48136352317428355
0.5742862154113167
0.18102677096682607
0.20946579724800685
0.4938580094253612
0.48497720144758827
0.46310299399284094
0.36042858525402643
0.8970039197620895
0.1741484795464443
0.6606208852155712
0.5417269517851603
0.34479831880833467
0.6515226250115979
0.17940847678168248
0.7603148895508599
0.2784370968445381
0.5530352890527291
0.6668300462710682
0.14983590970767813
0.21268171688895332
0.4008883570777889
0.42914447317000015
0.11206789154480301
0.5083179774178156
0.4461636150883349
0.5707663492433909
0.5478263488111591
0.6653628866654696
0.7010070505327545
0.42796569844790644
0.4658570062888333
0.6619807160862444
0.44009190205489024
0.3203191858721556
0.5555997772897313
0.5644023971337179
0.5827412115809482
0.270604924676184
0.14417074091265325
0.7376855276839703
0.23776569590141639
0.24404581698245487
0.3728922894978043
0.5935841100242042
0.7369410496231056
0.521107762480496
0.5345503922604179
0.09468299311607076
0.6670079829631738
0.46131181952290434
0.35995304462019495
0.205281020026149
0.736429572750421
0.39908145784620375
0.32683450723894747
0.3830087143353794
0.27611624923394473
0.13487004395647817
0.638063797018941
0.8481098966526935
0.6439275454944272
0.2078691062968404
0.5744792256685033
0.3342254022411085
0.519175976554631
0.8036910666273803
0.3662646527937202
0.25700194967120626
0.3799621534459644
0.46589349948692227
0.4721705875717349
0.5607890984802263
0.0840723522361071
0.6435589902345525
0.6419771285529478
0.3760788475685465
0.26921097445288267
0.5605981261788612
0.6746500686298201
0.537744848169481
0.5058650968307429
0.46007519244892225
0.6148946324690735
0.4388217628708474
0.5299892625474428
0.26653742834887384
0.5499991901183109
0.4081096732931372
0.4172130846092491
0.36810540060541197
0.31575293253480374
0.3312276030786797
0.5180809757785635
0.4459883175252951
0.19661122784321572
0.4478992491318653
0.5878216028952595
0.5269164903172804
0.41554916298326916
0.04141914509579314
0.3573614271688256
0.2114071032185072
0.669788708418669
0.5697954787360567
0.5697640231755395
0.5695140716955335
0.4031858543437735
0.26658410950952416
0.3730767661124873
0.44872777828829535
0.2534501871888871
0.5539124974895825
0.15043729172598141
0.5853823677579425
0.40485544688675057
0.573804676831159
0.4098965189814011
0.33481659520595775
0.5333039837323273
0.15942042991417726
0.17909528984972134
0.11817052434585296
0.7676493016550491
0.6305936592365876
0.34818647900338384
0.7231853458632903
0.31720047671256835
0.5603744476618083
0.7068897576760272
0.45158215835192295
0.2870720695064658
0.585867911277247
0.2860941797900919
0.2807386322262534
0.4028093849419102
0.5194631116799467
0.3743780893522858
0.18794179983650872
0.44361391746614187
0.2592902045877703
0.38397711622620145
0.31871064449709163
0.894209145980097
0.6280374512593657
0.7544174704330312
0.179951200303333
0.3103131947714165
0.7449462125775287
0.23619981679771496
0.16754340932781853
0.6370441323698895
0.4752237153640174
0.868811301566793
0.3453264929502927
0.42190273832765113
0.7882564722177959
0.24970578109359132
0.38710891135867687
0.5438978473364954
0.5543895562558269
0.6924482658685104
0.5124415688024831
0.5942582252464131
0.6676320925454903
0.4755966487962119
0.3342211524583075
0.37211434385563325
0.6042841279499164
0.5585248815052252
0.6224943673706497
0.6094107884286245
0.23896091390442042
0.31369123245518094
0.614698423854522
0.5487793418540164
0.5886128045561531
0.6044746263200792
0.49882240910488085
0.42931339861048323
0.4124270450444113
0.6834346534738797
0.2920895816465091
0.5331041279022614
0.6408704033808791
0.40478067208699564
0.16780782758606616
0.04453622620727504
0.4640936292100083
0.471364802601017
0.5497619016151835
0.36205143687364016
0.5890469951422667
0.3643601847494268
0.7661216349522871
0.7329840858961146
0.7443358224391067
0.5596106570623823
0.6654199828821273
0.4301092212468852
0.14137464041791292
0.40523856330313646
0.24211108985374918
0.5689120676094103
0.41098556357203064
0.4580661746453082
0.3598207510018029
0.4063812934608767
0.4884995425155386
0.5250674600762631
0.6335016333888467
0.347957844655545
0.2965712776445931
0.40114012458892623
0.2466486063964194
0.25944302242502215
-0.02993062592248097
0.6629527395098448
0.8710267442718317
0.6654014644642431
0.5081894790234108
0.8338705593707768
0.6598608769024744
0.5171977935706232
0.41014130859163045
0.47882311014098733
0.24832437753168046
0.5171554263105617
0.5558459763134352
0.24832894464212563
0.5196720943471661
0.35645478126247776
0.5379349626100819
0.5049861936401755
0.17845979076839402
0.12378868033966595
0.40553010433828407
0.8482134877788977
0.3679854193787978
0.09954221001974128
0.594611213889969
0.41662426420143717
0.5116620458457589
0.49435253246423494
0.397897360336983
0.6822126280458708
0.3141070039966366
0.07688238429501493
0.5823869002871881
0.2686696339295489
0.14079397582667252
0.5046891379571462
0.3089138702164643
0.4120039657416411
0.4372634170997499
0.4305099173586805
0.7206097739797718
0.612771988300112
0.7197479884052543
0.5408724320358086
0.5777151506000334
0.6685939223428697
0.385274296196671
0.25391113104899554
0.4660431322467299
0.42229088695347594
0.41505601510242507
0.4080885693794293
0.5374734927557888
0.43757360796722355
0.5547312239133809
0.38240571846194704
0.5443502585857366
0.4923586670563088
0.5027016172033995
0.5942790409923909
0.6488544657520107
0.7471845317443838
0.5168277246491219
0.21660503150551536
0.5141916252131947
0.83870333527484
0.41497327270738327
0.4262876881460643
0.39785623544424287
0.35766045550428605
0.3136302775037104
0.3650939914328494
0.08367727801723279
0.6781072400422391
0.13491262630130885
0.2357239359617599
0.4800327507151997
0.22216366088456607
0.22406876542274146
0.6755420821322021
0.6057945075536139
0.4552728861214067
0.2725564055940862
0.32212493779231355
0.44886326214017036
0.4098994240161645
0.5919271349786627
0.6787097519036503
0.40032028728232827
0.15964601311682247
0.33881200523326604
0.23071889693153125
0.521846412346853
0.453830484045297
0.03656002360975108
0.1666056151605182
0.4121348110741029
0.4192156159068766
0.620175730081875
0.6730686391026913
0.7372865898154751
0.1276873127251914
0.23235857514991054
0.5138813106102377
0.6686904526639189
0.5710712868797724
0.4650896656225133
0.24250055305511986
0.1393276949954434
0.5383359677203375
0.5433882302551171
0.522981832922912
0.6604341491191957
0.4810286901788928
0.31051178015283976
0.3915105063108556
0.5021668529581426
0.5451731455631715
0.7319491084720119
0.47763627633699757
0.38225657730320173
0.7930457247393751
0.6481278303598345
0.6190121493610404
0.44115290447892586
0.6654250254050537
0.40668560214001415
0.4533309939632265
0.4624509394816688
0.04667994568236555
0.6853879751609054
0.2894050107493379
0.305350451860556
0.574509748024877
0.5164104809680515
0.3262491456323865
0.38440211751624653
0.5921591008847223
0.5101473639868784
0.551987806451595
0.45351006720749976
0.4366930935695815
0.32066085332190253
0.0569452640413336
0.2762523810628782
0.06928422662202594
0.4524228088457357
0.0668068879555671
0.8653553915203459
0.40189019519627844
0.833625379914463
0.492139447011518
0.20501257693001385
0.26486239926510713
0.49059371563985665
0.3727611660535183
0.31732565799748735
0.6253448192979246
0.672622752562582
0.47323420506539093
0.7966281538199033
0.4103147353397828
0.2951779870012806
0.6010569405915874
0.24352573133755007
0.34357395399037605
0.6691813880402836
0.3879708330018167
0.5604721265593561
0.2968525955892177
0.46379254758497324
0.48855124324720933
0.19229920387166777
0.17396059461992996
0.7124357597561842
0.28327376871954313
0.30246490319982644
0.5385248756061668
0.2636439255812104
0.4728060911246127
0.4783697951912532
0.28107046116110557
0.8499565075439041
0.5786358683984986
0.7231406302059483
0.38166858809942716
0.06128404738058457
0.26214423532347575
0.5430858271926983
0.12148772890388848
0.800337684961215
0.6307987288445275
0.5529715276475645
0.7080550454771696
0.09031883886282621
0.5827604576198043
0.5116461927189496
0.6497432714114205
0.39838188126689367
0.15607455680638205
0.17862914299239308
0.1361478642041687
0.4305587094156976
0.7663630471975372
0.5407534788551333
0.3775555664826974
0.2037830193468655
0.6398987576504808
0.725584046962371
0.652830304289627
0.24417057509254747
0.6053257395521777
0.3146483457280177
0.5233316958502073
0.21757971408139942
0.3732782641496607
0.21359330116030373
0.614600836512135
0.44088185977206196
0.5906530189728952
0.3088009372180228
0.3908750290155262
0.41760543716390497
0.5747984569151
0.4830227579757732
0.5724791749819754
0.3222231979017586
0.32093931810614695
0.3139246426212391
0.34468272967590774
0.7386826580335656
0.2951503447523224
0.12197622759297988
0.18025195504896518
0.3936483482033014
0.5562173688104951
0.39544133215316124
0.37376404286662146
0.5403897822689424
0.2709461453754617
0.4256839542649512
0.41312108688599525
0.5867905638799081
0.35097009785860445
0.269726018278195
0.6420011429864999
0.6345523445076225
0.7256932619773507
0.5628522877415715
0.07337173963427768
0.28572980823350147
0.7577774085686176
0.5954104483321497
0.874566330322729
0.8053571145888626
0.34431041285690156
0.3804760254123035
0.24479279140972543
0.21284538925144025
0.49308744967733376
0.18968386514652436
0.726098062798119
0.5087252152433778
0.41376137779527034
0.3785852628098333
0.6931818054458344
0.2806352441990462
0.4649959478429383
0.4128926629726165
0.39203912802438234
0.30233150499864536
0.6997169173222878
0.8567974380749529
0.49380180584616695
0.6067425909146656
0.5567669066537829
0.14344943086671136
0.5270173745404972
0.7458419442949392
0.4718481675686267
0.4360069799541276
0.09004812432114528
0.5178616175734779
0.48316873403429705
0.373805405282181
0.5889357050487386
0.688315007597965
0.1795610878247521
0.7062856179929763
0.5835362994937795
0.35351402186865377
0.5339042334753633
0.45801498898863013
0.5380827139021579
0.20123345103895784
0.4882875170069533
0.3613220108595184
0.8480059920113691
0.5167945479966692
0.15007955765919945
0.4514842758012595
0.618261603791998
0.36483525775444414
0.1509376626630331
0.17541010837898074
0.668531531867644
0.5046178396809383
0.34219266586506236
0.2588370791220225
0.4952342604158336
0.6391716019894734
0.7631454792278544
0.26981882051276196
0.386511737515158
0.5579790431541024
0.2779057213185333
0.4072215562448315
0.7242498159971419
0.4689527083493018
0.5949778278996188
0.6605263441374328
0.32627237954090027
0.5422720514126199
0.5422739071890265
0.40558973596871517
0.561675326423941
0.47656713035642284
0.7224598510245198
0.6671808830969493
0.3435210718927305
0.7929813229290995
0.4237076224005948
0.1601162667849495
0.17697947397185287
0.5063001662433321
0.5026756759596492
0.4201266097567323
0.2260499832958036
0.4246646616335973
0.21767347877786813
0.5184654267714216
0.6423223949810316
0.49126190436440764
0.7400729796208595
0.6929639280683205
0.4923994271874731
0.7483110864613437
0.27269501849791367
0.4727332935057945
0.3604807210258959
0.27349068856671577
0.45877494060309265
0.21319831972919612
0.3214096115665591
0.41161727986956775
0.4121141223757997
0.5279695820299756
0.5685168790136982
0.3434455387177139
0.4778120992337721
0.5101915875023074
0.5658401624964217
0.4582759389677157
0.4642013974253928
0.6322069109482468
0.6896924177663682
0.7100575968499018
0.2840347070322814
0.6464381869925525
0.38440950614314084
0.323630859937054
0.439592512988224
0.3124434923909799
0.3907046164401272
0.6984176098856015
0.4741841325206878
0.28564979079524677
0.7455573726333783
0.7393708706687231
0.6876174486874055
0.7752778587961061
0.3912747901919208
0.4180998874140588
0.48906838316395984
0.5847480800870662
0.4345294523494069
0.6313436872754671
0.15075012511532748
0.6690370651112832
0.09682700965791502
0.34145625918590483
0.8147580110786828
0.4054445848879792
0.6039360651023632
0.09865154752184335
0.5024754332841358
0.6358476113843462
0.29216750841483174
0.41300481533120437
0.7222376125325248
0.8320612695263393
0.6838194281150342
0.3068905904286502
0.19934706764670052
0.5357355026602516
0.46214685168251013
0.5234465520689299
0.42374583210700034
0.41205540510395877
0.11882434654100305
0.08226091774118993
0.3129147838419527
0.2069228459172292
0.38230443386475044
0.6234674377598267
0.5529687148075603
0.16370520220520213
0.5840917292710391
0.6418854279747587
0.45061214010386375
0.5983778992972634
0.3671923600771029
0.1758673875145741
0.29530206683974136
0.20549096531326438
0.18954092557047597
0.8499014042145702
0.33767821204562354
0.363871442461969
0.29368917442638687
0.3904244910127387
0.39915643520492383
0.4016075612806377
0.5040635623291286
0.4468582816419523
0.668645156303053
0.21101398954999673
0.37887675370180884
0.5150678370068037
0.2660802553619257
0.7247080535880078
0.6270215079115132
0.2426762269566708
0.5267161549226221
0.30409004725608335
0.4973178654031266
0.20212768094263234
0.35119873323244344
0.7052420489082295
0.24709068199016626
0.3048065759229973
0.6414879361828992
0.7503010585505171
0.5530952346481607
0.7154312183566921
0.5759501859820858
0.6674845073209964
0.6919466727427993
0.43755046768662276
0.5809122123387297
0.5242156066933154
0.5764443582864974
0.4987316192734156
0.6239772013119415
0.284930001577718
0.13232534636738147
0.6056463303332934
0.20156585007557293
0.3299160963639932
0.7926690913907909
0.3270212025908904
0.6233196552560604
0.4788283367072973
0.2958107790375265
0.2461213989863611
0.40385602492232187
0.6073674524774603
0.435662892078004
0.3991949607607207
0.09526451209493325
0.5653398446538965
0.2664814635446576
0.317388253119833
0.578165591761726
0.6701150975454188
0.5050879554300555
0.23458630978322226
0.5636650072709225
0.12724283227886046
0.2278441726411724
0.3202775166739299
0.4216140428201093
0.30890463651616173
0.4350578776505055
0.1709296272630476
0.36795056467047094
0.34562272095288005
0.47894341193529144
0.5786236300271826
0.2123518490494798
0.4342807566036656
0.10908774424028911
0.6885728758115012
0.5841310721466616
0.502202233053534
0.29305020834814177
0.5433829671186071
0.33576458273604926
0.38280057385886235
0.676965108888106
0.5386161460496685
0.32326226991181717
0.3043005238582389
0.22502479216223958
0.37502727309711836
0.28640162653783563
0.5877001418718121
0.3822958505141928
0.0737125640331956
0.4390433611838337
0.6835003309430802
0.18507358873734392
0.5826270382010622
0.5403925997102522
0.33146711482584335
0.30516016081583597
0.7499264824719544
0.15165199625581016
0.48700822545207567
0.31161100622968585
0.6387774209565494
0.3204855184728609
0.48203434214899354
0.7689954308649652
0.5952517679888346
0.36924456201214684
0.4421918633409613
0.3546123451000228
0.3695087112436367
0.519346563559958
0.5265619273240371
0.8465945073977098
-0.007796208957942752
0.5101825930286058
0.606408227541095
0.5198509477820367
0.551208100050684
0.26540906458203384
0.5498209525365726
0.6448913535354347
0.7335111565189739
0.4001566654244425
0.359361287122394
0.5162860778027504
0.5819178233828203
0.4021433826638309
0.46243850217865046
0.4602745993190597
0.6443928873635042
0.2869715000689542
0.16231417887882327
0.2854668832706698
0.151562534945468
0.5096071170493802
0.5051625232259468
0.3426337082713232
0.6212041830346288
0.7089523968359693
0.09997812043620868
0.2195212189814898
0.38010130317668234
0.4881625734986442
0.32704858079816723
0.3195720665124725
0.5161257834226013
0.6471685366783003
0.4912109756536479
0.5393290981119482
0.836027317539992
0.4628021136362145
0.5331370136304431
0.6306966680126914
0.30962744358120886
0.31540128180411287
0.7728337576627134
0.5330172726122692
0.20320672576933207
0.2352284012049901
0.6526412354670236
0.3061314048974185
0.47880772775034386
0.7180490621153489
0.8397121088123068
0.5310393183100416
0.8228767047457414
0.7626373954928928
0.15756475917747248
0.3182805326590329
0.7491502982385677
0.591570294773259
0.3941042563716194
0.5148409389964496
0.6507852951405447
0.13363875143119452
0.43283762724638397
0.4274398414972892
0.6723070889007313
0.4231717010395052
0.23693874456698616
0.401744770835437
0.6597194179150713
0.3004719021245871
0.14416706456501793
0.6082590914603477
0.16791966014318038
0.05779757024763188
0.8160163513135662
0.2435014217070014
0.6457520664099278
0.45797033916271956
0.4295336890382476
0.5668278832733965
0.6539910083255002
0.4994887790287622
0.4445276701120294
0.43415981859632036
0.767966167283657
0.47201187000029676
0.537472373051897
0.861442832185301
0.33871345531145314
0.2713994361114923
0.18993071176569443
0.2399668627532392
0.34826066817805124
0.7475862932185521
0.21040761048668
0.1888261302467621
0.24231336322504637
0.5343923723208742
0.47818994220030986
0.6436107201710416
0.4207825771019661
0.37584400947892316
0.404365348213776
0.3837355919274289
0.5484339339954175
0.1896290270455684
0.36498537451792623
0.6082459567069122
0.49642117334007885
0.6609520285459843
0.4129228415516121
0.45170698160161205
0.3488257779018257
0.44610566148404385
0.5654604941228555
0.6475129909253065
0.4187132174458571
0.32573954018859397
0.6485520776803061
0.4653028994517191
0.31591928022655347
0.542424008538812
0.4844423135925121
0.46094792004299323
0.2786496424735193
0.20847728357312378
0.2876495089555521
0.416315615256169
0.49762896529031486
0.7098495073308525
0.4565117430477915
0.6183490012161846
0.27041415232850785
0.39753940981783853
0.5040124234604068
0.48583023827745053
0.28799792672250113
0.47177621295047445
0.37049575730613193
0.6857290362903884
0.5862499939179576
0.5376984618536119
0.1531374406698549
0.5107702811906022
0.4423807124213851
0.30333837596539726
0.5281726931575871
0.15717218336208205
0.561173189389189
0.5604430257165246
0.33309776370038346
0.26223865134216284
0.36574649367108025
0.4499988876250799
0.35864343422837675
0.13766712709606155
0.32259332347498326
0.5394771013278566
0.6790595848491815
0.42852717312089295
0.19516157785396038
0.13353409680245332
0.3807297366514647
0.4366594810800365
0.22681891329288706
0.37548403962210075
0.8802420048733398
0.7285642043889186
0.6245012273319136
0.3495781434163857
0.4809316017160249
0.48840829942111375
0.34099071656934454
0.6169523427315294
0.21057741449429834
0.5630468937590533
0.4666362071544409
0.2629989179069969
0.14715759719946975
0.20713283883767153
0.7707117180798843
0.47018140079040405
0.2634389312232369
0.4127467359202973
0.5178482435641695
0.184781431981779
0.36568748217390346
0.5965396215256774
0.31988228647627015
0.3540983148585498
0.7058748361536938
0.4008539944602886
0.17814515937682196
0.09963597071431118
0.2883098074026901
0.689745434756916
0.4101941496607836
0.6350479064397122
0.4300118312938125
0.3048236321372949
0.6631046347398234
0.3733510076815624
0.2587488478271259
0.5550272154136932
0.20413450383860932
0.7047469127536911
0.4829417132344095
0.2715137228493577
0.3243131170310164
0.12501678215819811
0.678479086875165
0.17474394498798784
0.6047363300965131
0.6936072258796852
0.40222358024220883
0.43062118726360155
0.5713836430706823
0.24566695561884966
0.3288562576528157
0.32323048588652814
0.3627972927341315
0.505575615418418
0.40960054783762956
0.5792535071644557
0.18564349062940066
0.4272806377577333
0.6481062173084745
0.2959272002074861
0.1462121625421644
0.6515449556405085
0.7083179552135216
0.33399186403987036
0.3731132768516029
0.612916276201188
0.5994182139559884
0.4803656025332169
0.424798909923349
0.19877064500130615
0.5813015050164964
0.7393650026117659
0.3576465318736072
0.3531418352051082
0.589496111855499
0.49406252980409604
0.5566167230976725
0.6119453008778167
0.11849533937476797
0.5426312241250147
0.22549992895200555
0.23791179525524375
0.4690926336463995
0.5054345405165156
0.3404984869007096
0.6764866666696671
0.8201792174042489
0.5369061635052145
0.418059303253138
0.10808273934363688
0.4482557016734915
0.7846660103600623
0.5741064962405932
0.5282682908233688
0.47752329271970406
0.44970201529791354
-0.00665793495561795
0.1677669592750931
0.6204586309353884
0.717012977890784
0.6155416145725604
0.678546121061213
0.6837259315963712
0.4757319817089821
0.47064151131760934
0.603488974956749
0.46396510823303927
0.24377150718152363
0.39823039301074703
0.797239976979012
0.33225960348040207
0.3820499218753487
0.7866989945785369
0.4378892470155856
0.5529532531894651
0.3978239031560221
0.20894617409294147
0.36485647902963947
0.2741320763947589
0.6713664656117956
0.09867065543185982
0.3390522245745863
0.3720658030742744
0.7589095985816708
0.1320149749497056
0.08615537655976246
0.42871134533689526
0.15666058497482405
0.47839143111576077
0.3167021754851568
0.17737003490335868
0.2652570974191323
0.7554617291090561
0.15298471286512239
0.4711016011617296
0.37921924664200646
0.299606154012405
0.398703021417799
0.11933382578951168
0.5433222363556017
0.012823655751684981
0.2417927078800184
0.33567073127370295
0.41304143077055866
0.3284061932237815
0.74898697047971
0.2307355410317531
0.5476331946078398
0.10247856002992894
0.6237489908032571
0.47619540536672333
0.3516064673036813
0.35150753238565546
0.5248781802349699
0.23675397982797708
0.18514801940126624
0.36204823012305
0.4894778900432336
0.43732285483651834
0.3353890016189406
0.5010674259576314
0.2584295578619288
0.580438321252955
0.3560629266785337
0.5392311189546483
0.7654268464925212
0.6208977897186884
0.43885355686168237
0.2775534134950196
0.41942013800112365
0.3915830035937843
0.4528204006044053
0.7114843075597054
0.31198644751983207
0.4042137421723596
0.794765788512699
0.6669470289045277
0.6879167098823235
0.3173226362600382
0.0912457900421556
0.5089812206309269
0.6223068653814204
0.6688759968126795
0.4559259648048063
0.48521831249062874
0.561268379888238
0.469386014096426
0.44917294476445246
0.45507126958259103
0.04737380553826376
0.31768232866543855
0.33431413277999555
0.22749085552896986
0.22381195863910408
0.08782555581207685
0.4439025798741484
0.06899057877391246
0.7090141296769122
0.5816715504967819
0.5472653796737997
0.7178201444641091
0.5747281546377868
0.5364570725770662
0.6744998771363121
0.33924859720139466
0.09135960958866285
0.35695731152181953
0.7170060575032892
0.4143078713648979
0.4622518568779145
0.5136572132714697
0.23696372039616687
0.15377748941098635
0.2205653513916942
0.677357078903425
0.14196551367969723
0.3275382597333715
0.1340610276993559
0.4182379750776656
0.2636263906819467
0.29581151051518517
0.2713033201118994
0.5072894962194548
0.12034372282805694
0.3242779354631914
0.6142605203522303
0.3259274865730081
0.23335267956440242
0.7130233897889132
0.11958437388507248
0.5788028871034193
0.5739515186096481
0.5726227709703336
0.2802051289966633
0.6040543133643156
0.39930951427834216
0.3571287122260328
0.3825192972041104
0.8696293399096472
0.2911421428997457
0.1673534090048564
0.5712186003477825
0.5444621101647985
0.3941833865733705
0.2660203432455478
0.3228080155726102
0.5465068826695269
0.4140016113970887
0.33202247918755934
0.3601502503048458
0.4933203570681436
0.4665235881247404
0.7703787036770934
0.5235883169231227
0.36618662695036586
0.5927550655146209
0.3273782268754569
0.44062944011402616
0.2715639739927377
0.6444802769291526
0.22710223584628098
0.45257818299486974
0.4419103433401036
0.46102612056407166
0.6649704197481484
0.6287575093362633
0.2847604979199617
0.2081648627938668
0.22686359873046857
0.3174241764306779
0.10765158461483315
0.27147907414738925
0.25326485108268226
0.42308056998143273
0.18960398755477426
0.5215191163753511
0.4556199023230706
0.6251939752130128
0.3150807776227026
0.7420944197982117
0.25389925313057116
0.6731737568425243
0.5644756571337374
0.6123544928688446
0.7502309413310727
0.11409197272732285
0.6075456272144552
0.6046423770854611
0.4362030705983443
0.36682937181859343
0.5246840031831413
0.19184073657122191
0.43702373428705565
0.5219378594870746
0.5870537497825307
0.4968792257925726
0.5400900119147848
0.801468162165682
0.3085278843548286
0.5192267528917934
0.36758961666906254
0.6797236437610971
0.3674797354285694
0.1686212874662414
0.5311644996983295
0.3724901152530432
0.8243922528915687
0.7272785813446866
0.623183880744984
0.56524379887298
0.8039441112417524
0.6721560266642183
0.3348964841116574
0.18664774847976784
0.4111642441036153
0.4441745222501242
0.09072311509130748
0.28505086225629583
0.2990282260296503
0.47606528080574895
0.298275721703816
0.5279964129906097
0.6249084244734745
0.640781465658845
0.3471008885262673
0.4806554151982695
0.1591229354660043
0.364521881869751
0.10901051190027844
0.4301630790283878
0.7100535580893991
0.603824206967469
0.4846026896864538
0.4417271311585024
0.35858886833159376
0.5023866077805993
0.6001485025372774
0.7026655504655245
0.5541948144572529
0.29342667840591197
0.5853544629888304
0.31182638708035226
0.5251812881869854
0.33280688062719477
0.4943443758293501
0.44194613263606
0.15234372173455057
0.38953745289230823
0.5950495184825643
0.18139137374891545
0.45584666663060724
0.6099256004915371
0.6583059772562173
0.8894493580476802
0.4723057808170191
0.5921671773896352
0.10991275053593519
0.4715602414346892
0.7603857497303982
0.2732311329006053
0.6789467937679113
0.2560028632098129
0.5529149707304589
0.4942535780606726
0.2636848710604506
0.6087836319019208
0.5635746427584026
0.5841207344754477
0.3728885533072902
0.4889133240915563
0.3926160210915911
0.3807813105258845
0.7633640459615166
0.8665879248273872
0.23554144241187536
0.619241752661647
0.5254958087600677
0.38481726156467444
0.419045526716331
0.21703955569315492
0.4044344663097409
0.14155101851600105
0.08483022961706166
0.40287660324317176
0.6325244100467523
0.4522139529957244
0.2997632230905788
0.5932150343368566
0.5752086854968953
0.3442953869516302
0.8645936857863937
0.5780336040871591
0.5594623926929337
0.40682271945355375
0.18085311996660525
0.32088631154600533
0.7263201514646814
0.5932725060757257
0.09189585084000429
0.6266237186119786
0.5796415517215742
0.38995830696742495
0.33452897935829495
0.3746507069854387
0.39125508141496323
0.5972538095327452
0.32040866843852134
0.8292217379563785
0.5270088286802505
0.8132805712196683
0.1436657092669512
0.39128964810700906
0.46369879908256595
0.11009362150778801
0.29980557755972337
0.29053322028017925
0.3601633877755134
0.6974233009774368
0.5450024009441204
0.6392318068386659
0.3211753261394342
0.3411737499313173
0.17645091854800254
0.27010827138769844
0.45847094449793746
0.5314345009339078
0.6039843313142731
0.22598876951632818
0.3047079834508598
0.4845652347426145
0.58759708667402
0.3651582969564594
0.7423237635779535
0.23789089104778904
0.40783890714391424
0.3440430799555706
0.26596436445616434
0.6482083609223145
0.30950844518901277
0.3972972710262469
0.7028640482405651
0.374559900897938
0.2120027756935624
0.5181425833367571
0.5544989547050926
0.347022935261586
0.5709200631914076
0.2758322995715926
0.4384769405486154
0.5985616733271782
0.8006925855867698
0.5996158079053108
0.40859175538134707
0.5301549180973176
0.5185378086997611
0.545619172009082
0.8242447960710849
0.24188717790743042
0.38564038806494894
0.23415091480509675
0.5383457736346812
0.1865885304842284
0.4706378620429693
0.07310131237605866
0.727264134584653
0.4545585063037042
0.4814652463851342
0.7042938230670822
0.7878226167589836
0.3488067957772397
0.1842084276370819
0.3006351946687088
0.4709813182481023
0.381762986924738
0.14251608946457273
0.5071472716190265
0.2810144503901949
0.10464130359423973
0.23470143405524946
0.5613460099580935
0.6018878599239285
0.5217151570056845
0.4625743066936757
0.8198478257193887
0.6330075841935071
0.17687115794098662
0.17957968354052356
0.23023254762680845
0.311339688016797
0.27593841985984213
0.2848989193295012
0.4526039809819865
0.3816695435554597
0.29061018650356074
0.25088705557386004
0.1978160026021465
0.7043871289167324
0.4961701224693452
0.13073596852826996
0.7960579342428838
0.3842205448781101
0.6585946204278835
0.47731695736541047
0.3801471589880808
0.4928384665539486
0.3135476564645038
0.4944591723342636
0.4996555477289778
0.7540495284860768
0.52828875858736
0.19972919918376375
0.5523005567539355
0.7905326905652558
0.5683408415192021
0.41221096039068506
0.6849134881189695
0.5158542537926868
0.18906139566247526
0.6357303105700524
0.33847011815837413
0.22705235931130263
0.19101073831572724
0.3724505719987258
0.483677747236107
0.5905261320162071
0.3602813642018944
0.5650577426438405
0.3643775968130215
0.6001356171599553
0.4545360427529678
0.3178868719394842
0.3930970838371809
0.5917004963431477
0.44375448473589285
0.5734723995764975
0.24412310897548106
0.20398928807624306
0.6135783635926811
0.6711587512794436
0.6213520536932712
0.5461817299908968
0.36591283717060075
0.40431412818575574
0.39621100599587067
0.6495998748099584
0.5712763414283722
0.19512681905428908
0.7627195103840613
0.39521948220432723
0.7525053980172528
0.8474990464148223
0.5552731992338648
0.4592040626792907
0.32397768593936915
0.5675897255002883
0.7675269658359579
0.42008802577360294
0.25973227123835596
0.22180106160623303
0.4762818758249544
0.14297649378268495
0.39428407509398455
0.23279287125317893
0.8182574496192397
0.5533336812623889
0.5882783856816719
0.23154014784775456
0.19433708053382115
0.2840284898932749
0.09004005401229931
0.33709988515353617
0.6756737940350807
0.621264392763072
0.2829116420372263
0.11311692454828326
0.7031669745403369
0.6584307751135464
0.3193741582971793
0.4217209164592203
0.39983273533046837
0.4094067255499886
0.7245022093244852
0.3485036327043992
0.37088586377540256
0.15655197697338175
0.39776929331417465
0.3551169810708875
0.23891548621743686
0.4485671818948126
0.12281886695331046
0.6550608366487783
0.6912861484030394
0.6398404427529646
0.617755775044749
0.2098709666728914
0.5494925486866101
0.47137530794176363
0.3142356514029704
0.6122981305274203
0.10873778510058663
0.36521362825530457
0.25832121076449943
0.1829640207090223
0.3487251186693566
0.3775708247966759
0.342042026755493
0.43659204709673094
0.3537721202486742
0.4967764326298866
0.5580666506491679
0.31274799091478755
0.3458814680334431
0.4048262901536491
0.5945423309577885
0.772054617262265
0.5217861239878264
0.09474147287185042
0.7491840610307782
0.4390480003508156
0.3973658803707084
0.08899937777310785
0.5562948521795853
0.5021860926036125
0.32176774367127325
0.6335454096176915
0.6702603795208723
0.33331300539368913
0.2692581734850745
0.24913629252955727
0.6143715005216582
0.5637443695229195
0.5099455276720707
0.4749716232872444
0.28889538427384165
0.32616781970077036
0.43270071578081104
0.45710729800895
0.2767186096498143
0.4168004936888591
0.27325400862938165
0.6792539684462658
0.37802174069436256
0.3692608252387869
0.7212618743757674
0.38917769074223363
0.512840011988673
0.7503672625767038
0.5081306042300943
0.6552378103790478
0.5346153924272224
0.25214186974272823
0.712109717108098
0.5493226166299262
0.40683989393179354
0.10501791693812834
0.3964133833512079
0.751671170240613
0.5541958643091348
0.3768632900755463
0.3640394061495561
0.6838426142597146
0.4084513503063073
0.3191749106727487
0.412188747260685
0.17857328099227499
0.4839594273231488
0.41376605158013124
0.49074338503325243
0.497163391830053
0.0490996525497146
0.07928096485383795
0.7060193881346971
0.42371668118720474
0.5412877661213714
0.0003892322930429959
0.4837948661710437
0.27192573671731124
0.6247730978457186
0.6234722916139844
0.3577000168104224
0.4136876968029445
0.28765021042212624
0.4082646035066425
0.3146581614130616
0.09951564404042945
0.5042486285355451
0.25505214035387835
0.6906802815207788
0.41341396873165837
0.60295571858971
0.5520206621447711
0.3294606246608328
0.21685251456259402
0.6193531794636894
0.4233325367799251
0.7428109317927153
0.5316446097193371
0.30378816976789047
0.5935820451925075
0.3291221998141659
0.6233951022250775
0.153921313532692
0.46585527978957353
0.4469862461011992
0.3373643931489515
0.7160932846447249
0.43412824628151514
0.0738270328833538
0.44477901329144076
0.21632076022544344
0.5740371280790039
0.6797250862629783
0.44032478799145613
0.6555585834800478
0.19855186478191555
0.37596892561833484
0.14788096280028662
0.6592448312020728
0.6974955096042382
0.4790327902393331
0.14396584954267
0.15597734820526454
0.4307454650465198
0.4871762909445455
0.10369370454909455
0.6658765787948498
0.3482983938617322
0.4999410422222178
0.7023428641786343
0.35864473426130605
0.6164067113022195
0.7174770892397712
0.3971739789123788
0.7447428675615265
0.6325312801052284
0.5815413934599057
0.7506333867413545
0.0423726659385073
0.46574728286235423
0.07311657942469196
0.6287777853033077
0.4518815101842354
0.6903174660786809
0.14573546073069066
0.47455682681870315
0.5072080381829106
0.8162805076529042
0.44727067717319124
0.3934674352051871
0.7746132810057497
0.7990576816296476
0.5881744171245907
0.705158236591331
0.6842828913206386
0.15907361013141863
0.028397310733927483
0.43557949526619766
0.3333625633146716
0.31589758123556855
0.10846424259564957
0.3954415609208245
0.6797566750786411
0.6960730176523168
0.29347786101529405
0.35800753074120173
0.5207139030137723
0.20285508212538406
0.5459898132076414
0.6686606318151206
0.44556267949460493
0.04132731122868716
0.013104474329020732
0.6053785402513158
0.7558354888239535
0.7872823847255602
0.6156152221352215
0.3605479257355132
0.6077894162801775
0.6980749177045679
0.3325107308493339
0.27909080482004966
0.5616704525357991
0.24618200623966724
0.4145727911157978
0.22445847349808434
0.4123534226393374
0.3211995800593229
0.4419500727236284
0.29421409403919874
0.27309914724086515
0.5085286156762229
0.40867521676203855
0.20586875602159393
0.18822324784421252
0.6127441911347077
0.3048925046975498
0.7598102671173944
0.46945808456340676
0.44935921690882086
0.6564107387660251
0.7021678107040507
0.4837817995198085
0.47910537211659177
0.394344746939744
0.23985367824061876
0.43342713650520215
0.45515452163310177
0.7189320607325494
0.23787227453883253
0.36242026047014886
0.6682842132422252
0.30389429107005894
0.0681805054529162
0.654351037315723
0.17235017966409205
0.48199954759811636
0.5086685038024031
0.569218392745822
0.2948583875300196
0.37442884305869273
0.3615904595244105
0.407067870623561
0.461901636269452
0.6424055027110446
0.36755320200205455
0.34445368866207826
0.5160325853875564
0.26548042317698783
0.5914197696361928
0.2643843088536382
0.1959042010065929
0.600291911919072
0.31854912962634574
0.37858333021506085
0.14131487801234532
0.7665801080515023
0.5872032502625956
0.6756483448665535
0.283275775052256
0.5331675199536384
0.8450874355866115
0.47778014361278587
0.34208706763868346
0.5267703185579639
0.6203001019898783
0.41051574142818004
0.5516725213497428
0.2741802740022111
0.5886944867845799
0.25552426568118547
0.7063988810683782
0.5583552036965017
0.6589975537268334
0.5930314234287105
0.6407103672489848
0.23374703737309543
0.7543122479932577
0.38002328784413086
0.30419000295034715
0.5156131378964625
0.7734383924384148
0.16813324892390347
0.5132259227114467
0.060673240121422944
0.5081197325839065
0.6060607690700089
0.23722007122344702
0.37906248761827877
0.5433524111521931
0.12505982625305712
0.6642485382485178
0.1256231007554185
0.35609941459924344
0.21772067932337458
0.6303849137874463
0.17686092016007005
0.8242969282037226
0.3028481663523005
0.6729314131285645
0.548055853941059
0.41907797675202174
0.3941043075106959
0.32339960845008686
0.42897907125373724
0.8051871741806381
0.42465184384650867
0.4811334626499634
0.2541097654678527
0.3995000886851766
0.16400881611674178
0.551253227346394
0.8334213276072536
0.4239926407809341
0.3267637218606113
0.303957283551478
0.18183273069540962
0.14298538007074202
0.06580404855763256
0.7315906363322725
0.765180872637005
0.36761304055902133
0.47143537146346526
0.9269526920990668
0.4607377064479431
0.38241505136569154
0.47118345318888266
0.6781067473530679
0.46692635337064436
0.21326310304356
0.5755491827363813
0.5101333329997758
0.5117626374401266
0.526696552788069
0.43574029364406497
0.07473430981763562
0.21879638564071113
0.4094844973149593
0.3935359017000989
0.6693189512081649
0.7330839777400123
0.5636617889734338
0.5451871057403647
0.6417842730412316
0.4508333859063266
0.7573073190922178
0.40418918728001996
0.25168294978280026
0.5372380043544441
0.16599485598637664
0.6188771013842186
0.5230492149619056
0.19934622472097985
0.48397252680919156
0.5107135265273993
0.5148171810383989
0.15716170555129882
0.46653256231064655
0.20533655835426678
0.49315552158851095
0.06321564803001134
0.470684401514896
0.4121901733635268